  foE  =  1.38270
  foF1 =  0.00000
  foF2 =  2.84420
  fminF=  1.40200
  fminE=  1.00000
  M(3000)=  2.73319
  h'E  =  100
  h'F  =  280
  h'F2 =  280
  hmF2=      314
  foEs= -1.00000
  h'Es =       -1
  fbEs= -1.00000
