  foE  =  1.38850
  foF1 =  0.00000
  foF2 =  2.72900
  fminF=  1.40700
  fminE=  1.00000
  M(3000)=  2.94111
  h'E  =  113
  h'F  =  271
  h'F2 =  271
  hmF2=      291
  foEs= -1.00000
  h'Es =       -1
  fbEs= -1.00000
